<?xml version="1.0"?>
<opencv_storage>
<calibration_time>"Wed May 16 08:53:19 2018"</calibration_time>
<nFrames>17</nFrames>
<flags>0</flags>
<imageSize>
  3008 3008</imageSize>
<camera_matrix type_id="opencv-matrix">
  <rows>3</rows>
  <cols>3</cols>
  <dt>d</dt>
  <data>
    1.4986603443937638e+03 1.6870849124257068e+00 1.4881906663395866e+03
    0. 1.4992803274771227e+03 1.4850937271164917e+03 0. 0. 1.</data></camera_matrix>
<distortion_coefficients type_id="opencv-matrix">
  <rows>1</rows>
  <cols>4</cols>
  <dt>d</dt>
  <data>
    6.5913171255175158e-03 -1.6489395502742404e-02
    3.6727665027947484e-04 7.6426376377712309e-04</data></distortion_coefficients>
<xi>9.9588245927201180e-01</xi>
<used_imgs>
  img/calib_color_mirror/img_0_0.bmp img/calib_color_mirror/img_0_1.bmp
  img/calib_color_mirror/img_0_2.bmp img/calib_color_mirror/img_0_3.bmp
  img/calib_color_mirror/img_0_4.bmp img/calib_color_mirror/img_0_5.bmp
  img/calib_color_mirror/img_0_6.bmp img/calib_color_mirror/img_0_7.bmp
  img/calib_color_mirror/img_0_8.bmp img/calib_color_mirror/img_0_9.bmp
  img/calib_color_mirror/img_0_10.bmp
  img/calib_color_mirror/img_0_11.bmp
  img/calib_color_mirror/img_0_12.bmp
  img/calib_color_mirror/img_0_13.bmp
  img/calib_color_mirror/img_0_14.bmp
  img/calib_color_mirror/img_0_15.bmp
  img/calib_color_mirror/img_0_16.bmp</used_imgs>
<extrinsic_parameters type_id="opencv-matrix">
  <rows>17</rows>
  <cols>6</cols>
  <dt>d</dt>
  <data>
    5.6727827310094081e-01 -2.0143282208392957e-01
    -1.4024830770191663e+00 -1.6101302432249798e+02
    -5.6792298923282525e+00 1.1652271336310777e+02
    7.5420710809742009e-01 -1.7967576852692221e-01
    -1.1092505150420191e+00 -1.1431834212554497e+02
    -7.2603142629153822e+01 9.9027447187337373e+01
    8.7808198423161465e-01 -1.5828018157902232e-01
    -6.4781232863799088e-01 -5.9061908075945979e+01
    -9.7186819996904617e+01 8.6697704955857105e+01
    9.0060487846734649e-01 1.4821797117906052e-01 6.2590639688901217e-01
    6.8796006051656306e+01 -1.0233311856562337e+02
    4.8148734427927515e+01 8.5892148298520898e-01 2.0313347915951852e-01
    2.3626860582568104e-01 -2.8292232043868083e+01
    -1.4681949581719698e+02 5.0573096661326808e+01
    8.9921983091280888e-01 2.6386644492179973e-01
    -1.0244467617537455e-01 -1.1359482708844726e+02
    -1.1712284226633753e+02 7.1544257151285279e+01
    5.6785178982190676e-01 -6.4474286263268468e-02
    -6.3484128849445343e-01 -1.8042801541294199e+02
    -5.6546100548474030e+01 6.8548007697827416e+01
    4.7761927374101015e-01 9.3170486897892724e-01
    -4.6634856238288158e-01 5.4915369505855871e+01
    -3.5859080130052718e+01 1.8606593374183603e+02
    3.3128803200550838e-01 8.8254820366128284e-01
    -4.2696627114936564e-01 6.2005822796874291e+01
    -5.1674294986048302e+01 1.6969344804098313e+02
    6.3990893240328306e-01 8.6200453261031251e-01
    -1.2185338532298489e+00 -2.8730204311825567e+01
    -7.0539903106984568e+01 1.7067449834584701e+02
    8.4125932831641348e-01 9.1028557443859959e-01
    -1.7152860465566031e+00 -9.4876181491682956e+01
    -3.5888112608152916e+01 1.7741603224823729e+02
    1.0407966115864444e+00 7.4649306013881367e-01
    -2.2061492589497154e+00 -1.1187266721944279e+02
    1.7062444515374125e+01 1.8441048431292842e+02 1.3866427018947403e+00
    4.3129856682441703e-01 -2.7036249405032380e+00
    -1.0701049177479575e+02 2.8007264611943402e+01
    1.8363333126156931e+02 1.0968079121409910e+00 6.5389685337538717e-01
    -1.5619971089356148e+00 -5.1080869508893258e+01
    -4.7687157323503122e+01 1.6565405689347497e+02
    6.5025631770332892e-01 6.8405943983515252e-02 5.4454326445341483e-01
    5.5205193621401769e+01 -1.2842262520368558e+02
    8.6881757738660198e+01 5.4168108077215760e-01 6.9166323819775163e-03
    -8.0222208179008669e-01 -1.8521067971204349e+02
    -5.0702191366240385e+01 1.4778693440471136e+02
    5.6768692188252690e-01 2.1893003585548017e-02 2.7612479329727391e-03
    -5.3216437216441399e+01 -1.5021182107024094e+02
    4.7098428076824526e+01</data></extrinsic_parameters>
<rms>1.1503593732204649e+00</rms>
